     0/499      2.3G   0.07402   0.08452    0.1541    0.3126        10       640    0.3451    0.2379    0.3071     0.182   0.03848    0.0448   0.07142
     1/499     7.64G   0.05268   0.06038   0.05523    0.1683        25       640    0.4729    0.9928    0.9673    0.7383   0.02779   0.03377   0.01463
     2/499     7.64G   0.04188   0.05328   0.02262    0.1178         7       640     0.662    0.9973    0.9928    0.8291   0.02148   0.03001  0.006068
     3/499     7.64G   0.03389   0.04732   0.01343   0.09464        15       640     0.731    0.9987    0.9943    0.8702   0.01708   0.02563  0.004062
     4/499     7.64G   0.02903   0.04292  0.009857   0.08181        13       640    0.7552     0.999    0.9946    0.8882   0.01552   0.02357  0.003388
     5/499     7.64G   0.02675   0.04058  0.008312   0.07564         3       640    0.7732    0.9992    0.9948     0.898   0.01469   0.02285  0.003037
     6/499     7.64G   0.02535   0.03922  0.007393   0.07196        16       640    0.7825    0.9992    0.9948    0.9049   0.01413   0.02193  0.002793
     7/499     7.64G   0.02454   0.03814  0.006877   0.06956         7       640    0.7871    0.9992    0.9947    0.9088   0.01386   0.02155  0.002655
     8/499     7.64G   0.02382   0.03749  0.006495   0.06781         7       640    0.7902    0.9993    0.9948    0.9126   0.01341   0.02139  0.002546
     9/499     7.64G    0.0233   0.03664  0.006022   0.06597        12       640    0.7929    0.9994    0.9948    0.9155   0.01318   0.02108  0.002456
    10/499     7.64G   0.02286   0.03633  0.005792   0.06498        20       640    0.7948    0.9994    0.9948    0.9172   0.01297   0.02089  0.002384
    11/499     7.64G   0.02277   0.03604  0.005762   0.06457        11       640    0.7946    0.9993    0.9948    0.9183   0.01289   0.02047  0.002344
    12/499     7.64G   0.02235   0.03572  0.005525    0.0636        12       640    0.7955    0.9993    0.9948    0.9196    0.0128    0.0204  0.002309
    13/499     7.64G   0.02209    0.0356  0.005384   0.06307        13       640    0.7947    0.9993    0.9948    0.9207    0.0127   0.02032  0.002276
    14/499     7.64G   0.02217   0.03536  0.005532   0.06306        30       640    0.7943    0.9993    0.9948    0.9213   0.01264   0.02028   0.00225
    15/499     7.64G   0.02177   0.03498  0.005159   0.06191        13       640    0.7944    0.9994    0.9948    0.9218   0.01259   0.02025  0.002231
    16/499     7.64G    0.0217   0.03482  0.005008   0.06152         8       640    0.7943    0.9994    0.9948    0.9225   0.01257   0.02022  0.002214
    17/499     7.64G   0.02161   0.03466   0.00507   0.06134        16       640     0.794    0.9994    0.9948    0.9229   0.01259   0.02021  0.002207
    18/499     7.64G   0.02157   0.03463  0.005056   0.06126        12       640     0.794    0.9993    0.9948    0.9234   0.01255   0.02018  0.002198
    19/499     7.64G   0.02132   0.03433  0.004847   0.06049        20       640    0.7945    0.9993    0.9948    0.9237   0.01251   0.02019  0.002188
    20/499     7.64G   0.02124   0.03439  0.004844   0.06048        14       640    0.7948    0.9993    0.9948     0.924   0.01249   0.02019  0.002177
    21/499     7.64G   0.02111   0.03412  0.004703   0.05994        17       640    0.7943    0.9993    0.9948    0.9241   0.01247    0.0202  0.002169
    22/499     7.64G   0.02102   0.03395  0.004702   0.05967        24       640     0.795    0.9994    0.9948    0.9242   0.01246   0.02023   0.00216
    23/499     7.64G   0.02105   0.03409  0.004667   0.05981         8       640    0.7951    0.9993    0.9948    0.9239   0.01247   0.02024  0.002152
    24/499     7.64G    0.0209   0.03387   0.00466   0.05943        13       640    0.7953    0.9993    0.9948    0.9235   0.01247   0.02027  0.002145
    25/499     7.64G   0.02084   0.03379  0.004637   0.05927        11       640     0.796    0.9993    0.9948    0.9231   0.01247   0.02033  0.002138
    26/499     7.64G   0.02082   0.03383  0.004527   0.05918        19       640    0.7965    0.9994    0.9948     0.923   0.01247   0.02037   0.00213
    27/499     7.64G   0.02075   0.03371  0.004583   0.05904        28       640     0.797    0.9994    0.9948    0.9226   0.01248    0.0204  0.002125
    28/499     7.64G   0.02072   0.03362  0.004669   0.05901         3       640    0.7976    0.9993    0.9948    0.9218   0.01248   0.02042   0.00212
    29/499     7.64G   0.02055   0.03343  0.004464   0.05844        19       640    0.7985    0.9993    0.9948    0.9215   0.01249   0.02047  0.002115
    30/499     7.64G   0.02055   0.03341   0.00447   0.05843        10       640    0.7992    0.9994    0.9948    0.9208   0.01249   0.02053  0.002109
    31/499     7.64G   0.02059   0.03326  0.004481   0.05833        20       640    0.7995    0.9994    0.9948    0.9207   0.01249   0.02056  0.002105
    32/499     7.64G   0.02038   0.03327  0.004347     0.058        18       640    0.7995    0.9994    0.9948    0.9202    0.0125   0.02061    0.0021
    33/499     7.64G    0.0204   0.03321  0.004336   0.05795        14       640    0.7997    0.9994    0.9948    0.9201   0.01249   0.02068  0.002093
    34/499     7.64G   0.02025   0.03322  0.004295   0.05776         6       640    0.7992    0.9994    0.9948      0.92   0.01248   0.02069  0.002085
    35/499     7.64G   0.02033   0.03312  0.004387   0.05783         8       640     0.799    0.9994    0.9948    0.9199   0.01248   0.02072  0.002078
    36/499     7.64G   0.02025   0.03311  0.004266   0.05763         3       640    0.7987    0.9994    0.9948    0.9197   0.01247    0.0207  0.002073
    37/499     7.64G   0.02032   0.03311  0.004396   0.05783        30       640    0.7988    0.9994    0.9948    0.9196   0.01246   0.02073  0.002068
    38/499     7.64G   0.02026   0.03296  0.004376    0.0576        12       640    0.7989    0.9994    0.9948    0.9197   0.01244   0.02075  0.002063
    39/499     7.64G    0.0201   0.03281  0.004184    0.0571        22       640    0.7985    0.9994    0.9949    0.9197   0.01242   0.02077  0.002058
    40/499     7.64G    0.0201   0.03274  0.004172   0.05701        13       640    0.7982    0.9994    0.9949    0.9197   0.01239   0.02077  0.002053
    41/499     7.64G   0.02012   0.03279  0.004212   0.05712        26       640    0.7978    0.9995    0.9949    0.9199   0.01237   0.02076  0.002047
    42/499     7.64G   0.02016   0.03277  0.004375    0.0573        18       640    0.7976    0.9994    0.9949      0.92   0.01235   0.02078  0.002039
    43/499     7.64G      0.02   0.03279  0.004261   0.05705        12       640    0.7961    0.9994    0.9949    0.9202   0.01232   0.02074  0.002032
    44/499     7.64G      0.02   0.03251  0.004123   0.05663         6       640    0.7962    0.9994    0.9949    0.9206   0.01229   0.02068  0.002026
    45/499     7.64G   0.01996   0.03269  0.004281   0.05694         9       640    0.7959    0.9994    0.9949    0.9209   0.01226   0.02063  0.002019
    46/499     7.64G   0.01989   0.03239  0.004025   0.05631        24       640    0.7956    0.9994    0.9948    0.9216   0.01222    0.0206  0.002015
    47/499     7.64G   0.01987   0.03251  0.004126   0.05651        10       640    0.7952    0.9994    0.9948    0.9222   0.01218   0.02054  0.002009
    48/499     7.64G   0.01987   0.03241  0.004164   0.05644         9       640     0.795    0.9994    0.9948    0.9227   0.01215   0.02049  0.002003
    49/499     7.64G   0.01992   0.03244  0.004224   0.05658        24       640    0.7948    0.9994    0.9948    0.9232   0.01211   0.02046  0.001999
    50/499     7.64G   0.01989   0.03232  0.004156   0.05636        14       640    0.7941    0.9994    0.9948    0.9237   0.01208   0.02043  0.001994
    51/499     7.64G   0.01989   0.03244  0.004249   0.05657        16       640     0.794    0.9994    0.9948     0.924   0.01205   0.02038   0.00199
    52/499     7.64G   0.01969   0.03216  0.003977   0.05583         9       640    0.7937    0.9994    0.9948    0.9244   0.01201   0.02034  0.001986
    53/499     7.64G   0.01974   0.03239  0.004254   0.05639        10       640    0.7929    0.9995    0.9949    0.9249   0.01197   0.02029  0.001981
    54/499     7.64G   0.01978   0.03224  0.004113   0.05613        16       640    0.7923    0.9995    0.9949    0.9254   0.01195   0.02025  0.001979
    55/499     7.64G   0.01964   0.03226  0.004066   0.05597         8       640     0.792    0.9995    0.9949    0.9258   0.01192   0.02023  0.001976
    56/499     7.64G   0.01953   0.03206  0.003883   0.05547        19       640    0.7924    0.9995    0.9949    0.9266   0.01188   0.02019   0.00197
    57/499     7.64G   0.01963   0.03207  0.004103    0.0558        28       640    0.7923    0.9995    0.9949    0.9272   0.01184   0.02013  0.001965
    58/499     7.64G   0.01957   0.03212  0.004026   0.05572         3       640    0.7917    0.9995    0.9949    0.9277   0.01181   0.02009  0.001961
    59/499     7.64G   0.01956   0.03196   0.00393   0.05545         6       640    0.7914    0.9995    0.9949    0.9283   0.01177   0.02003  0.001957
    60/499     7.64G   0.01956   0.03199  0.004063   0.05561        30       640    0.7912    0.9995    0.9949    0.9288   0.01174   0.01999  0.001953
    61/499     7.64G   0.01961   0.03208  0.004012    0.0557         9       640    0.7904    0.9995    0.9949    0.9293   0.01171      0.02  0.001953
    62/499     7.64G   0.01954   0.03187  0.003944   0.05535         4       640    0.7898    0.9995    0.9949    0.9298   0.01167   0.01998  0.001964
    63/499     7.64G    0.0194   0.03198   0.00398   0.05536         9       640    0.7892    0.9996    0.9949    0.9302   0.01164   0.01998  0.001968
    64/499     7.64G    0.0194   0.03186  0.003909   0.05517        18       640    0.7889    0.9996    0.9949    0.9308   0.01161   0.01994  0.001963
    65/499     7.64G   0.01942   0.03198  0.003969   0.05537         8       640    0.7885    0.9996    0.9949    0.9313   0.01158   0.01987  0.001954
    66/499     7.64G   0.01952   0.03198   0.00405   0.05555         5       640    0.7882    0.9996    0.9949    0.9316   0.01155   0.01983  0.001942
    67/499     7.64G   0.01929   0.03169  0.003903   0.05488        28       640    0.7883    0.9996    0.9949     0.932   0.01152   0.01977  0.001933
    68/499     7.64G   0.01949   0.03173  0.004059   0.05527        30       640    0.7882    0.9996    0.9949    0.9324    0.0115   0.01971  0.001927
    69/499     7.64G   0.01934   0.03178  0.003875   0.05499        11       640    0.7882    0.9996    0.9949    0.9326   0.01148   0.01963  0.001921
    70/499     7.64G   0.01925   0.03175  0.003835   0.05484        18       640    0.7881    0.9996    0.9949    0.9332   0.01146   0.01956  0.001915
    71/499     7.64G   0.01933   0.03176     0.004   0.05509         6       640    0.7881    0.9996    0.9949    0.9334   0.01143   0.01952   0.00191
    72/499     7.64G   0.01949   0.03183  0.004144   0.05547        12       640    0.7878    0.9996    0.9949    0.9337   0.01141   0.01944  0.001905
    73/499     7.64G   0.01931   0.03189  0.004031   0.05523         9       640    0.7875    0.9996    0.9949     0.934   0.01139   0.01934  0.001901
    74/499     7.64G   0.01919   0.03174  0.003891   0.05483        27       640    0.7873    0.9996    0.9949    0.9343   0.01137    0.0193  0.001899
    75/499     7.64G   0.01923    0.0317  0.003975    0.0549        19       640    0.7867    0.9996    0.9949    0.9347   0.01134   0.01924  0.001898
    76/499     7.64G   0.01928   0.03152  0.003866   0.05466        10       640    0.7868    0.9996    0.9949    0.9351   0.01132   0.01919  0.001894
    77/499     7.64G   0.01916   0.03152  0.003822    0.0545         9       640    0.7869    0.9996    0.9949    0.9355    0.0113   0.01915   0.00189
    78/499     7.64G    0.0192   0.03154  0.003892   0.05463        30       640     0.787    0.9996    0.9949    0.9356   0.01128   0.01914  0.001887
    79/499     7.64G   0.01922   0.03148  0.003922   0.05462        22       640    0.7868    0.9996    0.9949    0.9359   0.01126   0.01911  0.001884
    80/499     7.64G    0.0191   0.03146  0.003829   0.05438        12       640    0.7868    0.9996    0.9949    0.9359   0.01125   0.01907   0.00188
    81/499     7.64G   0.01905   0.03149   0.00378   0.05433        12       640    0.7866    0.9996    0.9949    0.9362   0.01124   0.01906  0.001877
    82/499     7.64G   0.01904   0.03142  0.003807   0.05426        29       640    0.7869    0.9996    0.9949    0.9364   0.01123   0.01902  0.001873
    83/499     7.64G   0.01904   0.03147  0.003791    0.0543        23       640    0.7871    0.9996    0.9949    0.9365   0.01121   0.01903   0.00187
    84/499     7.64G   0.01906   0.03142  0.003859   0.05435        15       640    0.7871    0.9996    0.9949    0.9367    0.0112   0.01901  0.001867
    85/499     7.64G    0.0192   0.03147  0.004045   0.05472        11       640    0.7871    0.9996    0.9949    0.9368   0.01119   0.01901  0.001864
    86/499     7.64G     0.019   0.03139   0.00386   0.05425        29       640    0.7871    0.9996    0.9949    0.9369   0.01118   0.01899  0.001863
    87/499     7.64G   0.01905   0.03128  0.003866    0.0542        28       640    0.7867    0.9996    0.9949     0.937   0.01117   0.01897  0.001861
    88/499     7.64G   0.01893   0.03117  0.003704   0.05381         6       640    0.7867    0.9996    0.9949    0.9372   0.01117     0.019  0.001859
    89/499     7.64G   0.01905   0.03122  0.003889   0.05416         9       640    0.7871    0.9996    0.9949    0.9373   0.01116   0.01899  0.001858
    90/499     7.64G   0.01905   0.03129  0.003935   0.05427        13       640    0.7869    0.9996    0.9949    0.9374   0.01115   0.01896  0.001858
    91/499     7.64G   0.01891   0.03123   0.00379   0.05394         4       640    0.7866    0.9996    0.9949    0.9375   0.01114   0.01895  0.001857
    92/499     7.64G   0.01894   0.03116  0.003751   0.05385        17       640    0.7862    0.9996    0.9949    0.9376   0.01113   0.01891  0.001856
    93/499     7.64G   0.01895   0.03114  0.003827   0.05392        23       640    0.7864    0.9996    0.9949    0.9379   0.01112   0.01888  0.001854
    94/499     7.64G   0.01893   0.03125  0.003903   0.05409        22       640    0.7861    0.9996    0.9949    0.9379   0.01111   0.01885  0.001852
