1256
1
1138
1196
1086
112
1132
1117
1099
125
1233
1009
1093
1200
1115
1183
1027
1261
1056
105
1245
1166
1216
1000
1249
1169
1168
104
1050
106
111
1242
1122
1055
1108
1011
1090
1101
1015
1021
1182
1064
1197
1119
1229
1077
1164
1209
1103
110
1133
1081
1267
1033
1006
1156
1202
1024
1254
1178
1072
1185
1208
1073
1260
1171
1236
1120
1075
1038
1097
1040
1047
1163
1112
1128
1211
1070
1102
1023
1051
1088
1105
1258
1227
1082
1048
1054
1092
1177
1253
1170
1259
1257
1083
1147
1141
1155
1195
1131
1187
1013
1078
1186
1214
1218
1247
1239
1237
1268
1172
1001
1121
1224
1114
1189
1220
1180
1235
1030
1230
1028
1184
1069
1135
1175
1130
1192
1262
122
1036
1226
1107
1019
1079
100
1232
1005
1020
1042
1221
1127
1124
1008
1154
1074
1179
1053
1246
1228
1034
123
1091
1095
1201
1160
1205
1003
1165
116
1146
1199
1188
1269
1094
1173
1116
121
1198
1210
1089
1134
1144
1159
1004
1252
113
103
1151
1219
117
1096
1244
1223
1084
1265
1007
1062
1100
1266
1111
1018
1061
107
1213
1157
1043
1136
1158
1176
1031
126
1057
1014
102
1063
1217
1045
1212
1104
1113
115
1046
1025
11
108
1167
1066
1106
1026
1017
1029
1148
1263
1153
1181
120
1174
1215
1022
1060
1002
1039
1251
1137
114
12
1140
1206
1193
1240
1032
101
1080
1234
1044
1152
1145
1241
1161
1139
1264
1248
1016
1118
1109
1010
1037
1087
1049
1204
1150
1243
1191
10
1125
1194
1052
1123
1203
1250
